cam2tb
[-0.9983788949426776, 0.01895897743571665, 0.05366376450992803, 1.556980087849903;
 -0.02456805662696216, 0.706953204669436, -0.7068333997934616, 1.07193338621234;
 -0.05133860256361237, -0.7070061718562861, -0.7053414085663362, 0.07694769244541511;
 0, 0, 0, 1]
t2tb
[1, 0, 0, 2;
 0, 1, 0, 1.40001;
 0, 0, 1, 0;
 0, 0, 0, 1]
cam2t
[-0.9983788949426776, 0.01895897743571665, 0.05366376450992803, -0.443019912150097;
 -0.02456805662696216, 0.706953204669436, -0.7068333997934616, -0.3280766137876603;
 -0.05133860256361237, -0.7070061718562861, -0.7053414085663362, 0.07694769244541511;
 0, 0, 0, 1]
base2t
[0, -1, 0, 0;
 -1, 0, 0, 0;
 0, 0, -1, 0;
 0, 0, 0, 1]
base2t_invert
[-0, -1, -0, -0;
 -1, -0, -0, -0;
 -0, -0, -1, -0;
 0, 0, 0, 1]
hand2base
[-0.7003955851090319, 0.02627728631426496, 0.713271006409019, 197.6770374914531;
 0.06188116723748509, 0.9977948129752009, 0.02400483995177562, 466.2587785395939;
 -0.7110673283881795, 0.06095092635671835, -0.7004771510014831, -8.24936562713853;
 0, 0, 0, 1]
cam2hand
[0.008068290000000001, -0.008755290000000001, -0.999929, -43.9202;
 0.999952, 0.0055987, 0.008019449999999999, -23.9483;
 0.00552809, -0.999946, 0.00880004, 140.574;
 0, 0, 0, 1]
