cam2tb
[0.03925443298893407, 0.9988949863586899, 0.02584373323027932, 1.529678121729581;
 -0.002538383447157286, 0.02596327189944295, -0.9996595532876044, 1.32686090151109;
 -0.9992258530916643, 0.03917547958127032, 0.003554756933105843, -0.7899130218710623;
 0, 0, 0, 1]
t2tb
[1, 0, 0, 2.000001;
 0, 1, 0, 1.40001;
 0, 0, 1, 0;
 0, 0, 0, 1]
cam2t
[0.03925443298893407, 0.9988949863586899, 0.02584373323027932, -0.4703228782704193;
 -0.002538383447157286, 0.02596327189944295, -0.9996595532876044, -0.07314909848891002;
 -0.9992258530916643, 0.03917547958127032, 0.003554756933105843, -0.7899130218710623;
 0, 0, 0, 1]
base2t
[0, -1, 0, 0;
 -1, 0, 0, 0;
 0, 0, -1, 0;
 0, 0, 0, 1]
base2t_invert
[-0, -1, -0, -0;
 -1, -0, -0, -0;
 -0, -0, -1, -0;
 0, 0, 0, 1]
hand2base
[-0.9993410236513562, 0.01040962829712588, 0.03477295049568132, 24.61896102030587;
 0.03427080170397627, -0.04505232860801797, 0.9983966144962442, 330.4005263680198;
 0.01195954004241656, 0.9989303916318247, 0.04466589388183106, 808.0821085930052;
 0, 0, 0, 1]
cam2hand
[0.008068290000000001, -0.008755290000000001, -0.999929, -43.9202;
 0.999952, 0.0055987, 0.008019449999999999, -23.9483;
 0.00552809, -0.999946, 0.00880004, 140.574;
 0, 0, 0, 1]
