cam2tb
[-0.9823780953123347, 0.18338507655361, 0.03609519566984051, 0.4970341655531327;
 0.10425844318007, 0.6979576835803949, -0.7085090851201431, 0.6812086633948692;
 -0.1551229005103689, -0.6922607811288967, -0.7047778163897315, 0.1001526402656499;
 0, 0, 0, 1]
t2tb
[1, 0, 0, 1.300003;
 0, 1, 0, 1.40001;
 0, 0, 1, 0;
 0, 0, 0, 1]
cam2t
[-0.9823780953123347, 0.18338507655361, 0.03609519566984051, -0.8029688344468675;
 0.10425844318007, 0.6979576835803949, -0.7085090851201431, -0.718801336605131;
 -0.1551229005103689, -0.6922607811288967, -0.7047778163897315, 0.1001526402656499;
 0, 0, 0, 1]
base2t
[0, -1, 0, 0;
 -1, 0, 0, 0;
 0, 0, -1, 0;
 0, 0, 0, 1]
base2t_invert
[-0, -1, -0, -0;
 -1, -0, -0, -0;
 -0, -0, -1, -0;
 0, 0, 0, 1]
hand2base
[-0.7031893195573317, -0.1024792723905507, 0.7035785525375261, 586.5580652489083;
 0.04562434027800497, 0.9810150938407449, 0.1884882097926324, 801.9697667651824;
 -0.709537314335683, 0.164643203281939, -0.6851637871183563, -31.05652198320327;
 0, 0, 0, 1]
cam2hand
[0.008068290000000001, -0.008755290000000001, -0.999929, -43.9202;
 0.999952, 0.0055987, 0.008019449999999999, -23.9483;
 0.00552809, -0.999946, 0.00880004, 140.574;
 0, 0, 0, 1]
