cam2tb
[-0.9973525163415697, -0.02006559875976657, 0.06989270723766232, 1.788015509308578;
 -0.06506803991007748, 0.6753541801005619, -0.7346174162871606, 0.7683005413769126;
 -0.03246178855164474, -0.7372205278122577, -0.674871853380974, 0.05674515899869975;
 0, 0, 0, 1]
t2tb
[1, 0, 0, 2;
 0, 1, 0, 1.40001;
 0, 0, 1, 0;
 0, 0, 0, 1]
cam2t
[-0.9973525163415697, -0.02006559875976657, 0.06989270723766232, -0.2119844906914222;
 -0.06506803991007748, 0.6753541801005619, -0.7346174162871606, -0.6317094586230876;
 -0.03246178855164474, -0.7372205278122577, -0.674871853380974, 0.05674515899869975;
 0, 0, 0, 1]
base2t
[0, -1, 0, 0;
 -1, 0, 0, 0;
 0, 0, -1, 0;
 0, 0, 0, 1]
base2t_invert
[-0, -1, -0, -0;
 -1, -0, -0, -0;
 -0, -0, -1, -0;
 0, 0, 0, 1]
hand2base
[-0.7281275287032968, 0.0671750655802012, 0.6821420764831365, 505.4472403004269;
 0.07775900912968928, 0.9968568228991652, -0.01516611811082208, 241.4046700633467;
 -0.6810167681075103, 0.04199982385294222, -0.7310623614663274, 17.1186331250097;
 0, 0, 0, 1]
cam2hand
[0.008068290000000001, -0.008755290000000001, -0.999929, -43.9202;
 0.999952, 0.0055987, 0.008019449999999999, -23.9483;
 0.00552809, -0.999946, 0.00880004, 140.574;
 0, 0, 0, 1]
