cam2tb
[-0.9983789542453967, 0.01895883108408695, 0.05366271291611319, 0.8569803851283937;
 -0.02456817375860337, 0.7069427619192045, -0.7068438400856096, 1.071935687954176;
 -0.05133739323930778, -0.7070166175944143, -0.7053310260429608, 0.07695018185016519;
 0, 0, 0, 1]
t2tb
[1, 0, 0, 1.299999;
 0, 1, 0, 1.40001;
 0, 0, 1, 0;
 0, 0, 0, 1]
cam2t
[-0.9983789542453967, 0.01895883108408695, 0.05366271291611319, -0.4430186148716067;
 -0.02456817375860337, 0.7069427619192045, -0.7068438400856096, -0.3280743120458242;
 -0.05133739323930778, -0.7070166175944143, -0.7053310260429608, 0.07695018185016519;
 0, 0, 0, 1]
base2t
[0, -1, 0, 0;
 -1, 0, 0, 0;
 0, 0, -1, 0;
 0, 0, 0, 1]
base2t_invert
[-0, -1, -0, -0;
 -1, -0, -0, -0;
 -0, -0, -1, -0;
 0, 0, 0, 1]
hand2base
[-0.7004061151466848, 0.02627754563162352, 0.7132606567452791, 197.6757343720977;
 0.06188011491519906, 0.9977948815276836, 0.02400470318995235, 466.2574559097702;
 -0.7110570478120659, 0.06094969231041198, -0.7004876942274257, -8.249950956797091;
 0, 0, 0, 1]
cam2hand
[0.008068290000000001, -0.008755290000000001, -0.999929, -43.9202;
 0.999952, 0.0055987, 0.008019449999999999, -23.9483;
 0.00552809, -0.999946, 0.00880004, 140.574;
 0, 0, 0, 1]
