cam2tb
[0.03830079329806384, 0.9983358053828079, 0.04311231321913542, 1.532485781550056;
 -0.0031732643461756, 0.04326527033865557, -0.9990584589254066, 1.323278056655662;
 -0.999261046480198, 0.03812793639652682, 0.004825082568294201, -1.134541280818959;
 0, 0, 0, 1]
t2tb
[1, 0, 0, 1.999998;
 0, 1, 0, 1.40001;
 0, 0, 1, 0;
 0, 0, 0, 1]
cam2t
[0.03830079329806384, 0.9983358053828079, 0.04311231321913542, -0.467512218449944;
 -0.0031732643461756, 0.04326527033865557, -0.9990584589254066, -0.07673194334433828;
 -0.999261046480198, 0.03812793639652682, 0.004825082568294201, -1.134541280818959;
 0, 0, 0, 1]
base2t
[0, -1, 0, 0;
 -1, 0, 0, 0;
 0, 0, -1, 0;
 0, 0, 0, 1]
base2t_invert
[-0, -1, -0, -0;
 -1, -0, -0, -0;
 -0, -0, -1, -0;
 0, 0, 0, 1]
hand2base
[-0.9985833654415509, 0.01094278978232841, 0.05207223459009452, 25.81602112474846;
 0.05154095826238878, -0.04423408830812391, 0.9976907712577799, 328.4671939491991;
 0.01322088820090257, 0.9989612609022078, 0.04360742289852005, 1152.915298970848;
 0, 0, 0, 1]
cam2hand
[0.008068290000000001, -0.008755290000000001, -0.999929, -43.9202;
 0.999952, 0.0055987, 0.008019449999999999, -23.9483;
 0.00552809, -0.999946, 0.00880004, 140.574;
 0, 0, 0, 1]
