cam2tb
[0.0382945565009629, 0.9983356561187262, 0.04312130902590782, 0.8324869787614093;
 -0.003138537497722688, 0.04327291767100684, -0.9990582374184126, 1.323276699157474;
 -0.9992613951871362, 0.038123165908734, 0.004790436056447942, -1.134540199898535;
 0, 0, 0, 1]
t2tb
[1, 0, 0, 1.3;
 0, 1, 0, 1.40001;
 0, 0, 1, 0;
 0, 0, 0, 1]
cam2t
[0.0382945565009629, 0.9983356561187262, 0.04312130902590782, -0.4675130212385909;
 -0.003138537497722688, 0.04327291767100684, -0.9990582374184126, -0.07673330084252616;
 -0.9992613951871362, 0.038123165908734, 0.004790436056447942, -1.134540199898535;
 0, 0, 0, 1]
base2t
[0, -1, 0, 0;
 -1, 0, 0, 0;
 0, 0, -1, 0;
 0, 0, 0, 1]
base2t_invert
[-0, -1, -0, -0;
 -1, -0, -0, -0;
 -0, -0, -1, -0;
 0, 0, 0, 1]
hand2base
[-0.998583357181851, 0.01090801999744652, 0.05207968758699694, 25.81549861087817;
 0.05155000244606697, -0.04422792311406192, 0.9976905773158465, 328.4685688693124;
 0.01318620518702728, 0.9989619141472571, 0.04360295948687061, 1152.913337849255;
 0, 0, 0, 1]
cam2hand
[0.008068290000000001, -0.008755290000000001, -0.999929, -43.9202;
 0.999952, 0.0055987, 0.008019449999999999, -23.9483;
 0.00552809, -0.999946, 0.00880004, 140.574;
 0, 0, 0, 1]
