cam2tb
[0.03925034535937255, 0.9988953643957578, 0.02583532866278744, 0.8296776530682599;
 -0.002539454733498766, 0.02595488834186219, -0.9996597682702636, 1.326862606840872;
 -0.9992260109431691, 0.03917139543725594, 0.003555392809923523, -0.7899119788987751;
 0, 0, 0, 1]
t2tb
[1, 0, 0, 1.3;
 0, 1, 0, 1.40001;
 0, 0, 1, 0;
 0, 0, 0, 1]
cam2t
[0.03925034535937255, 0.9988953643957578, 0.02583532866278744, -0.4703223469317404;
 -0.002539454733498766, 0.02595488834186219, -0.9996597682702636, -0.0731473931591283;
 -0.9992260109431691, 0.03917139543725594, 0.003555392809923523, -0.7899119788987751;
 0, 0, 0, 1]
base2t
[0, -1, 0, 0;
 -1, 0, 0, 0;
 0, 0, -1, 0;
 0, 0, 0, 1]
base2t_invert
[-0, -1, -0, -0;
 -1, -0, -0, -0;
 -0, -0, -1, -0;
 0, 0, 0, 1]
hand2base
[-0.9993413033758172, 0.01041074819348185, 0.03476457520486736, 24.61844757271467;
 0.0342624340211659, -0.04504817588972226, 0.9983970890702526, 330.3996602568153;
 0.01196014138997601, 0.9989305672423185, 0.04466180523524797, 808.0816709950005;
 0, 0, 0, 1]
cam2hand
[0.008068290000000001, -0.008755290000000001, -0.999929, -43.9202;
 0.999952, 0.0055987, 0.008019449999999999, -23.9483;
 0.00552809, -0.999946, 0.00880004, 140.574;
 0, 0, 0, 1]
