cam2tb
[-0.9983783666991273, 0.01896480055398899, 0.05367153399255808, 3.423536825068156;
 -0.02456942944587399, 0.7069534095373661, -0.7068331471731141, 1.071923505649251;
 -0.051348217402938, -0.7070058108276868, -0.7053410705605768, 0.07693720797880547;
 0, 0, 0, 1]
t2tb
[1, 0, 0, 3.950002;
 0, 1, 0, 1.400002;
 0, 0, 1, 0;
 0, 0, 0, 1]
cam2t
[-0.9983783666991273, 0.01896480055398899, 0.05367153399255808, -0.5264651749318442;
 -0.02456942944587399, 0.7069534095373661, -0.7068331471731141, -0.3280784943507493;
 -0.051348217402938, -0.7070058108276868, -0.7053410705605768, 0.07693720797880547;
 0, 0, 0, 1]
base2t
[0, -1, 0, 0;
 -1, 0, 0, 0;
 0, 0, -1, 0;
 0, 0, 0, 1]
base2t_invert
[-0, -1, -0, -0;
 -1, -0, -0, -0;
 -0, -0, -1, -0;
 0, 0, 0, 1]
hand2base
[-0.7003953196365829, 0.02627865589487705, 0.7132712166318838, 197.6789329614035;
 0.06188898289142257, 0.9977941898479029, 0.02401059146361004, 549.7035611505611;
 -0.7110669096701338, 0.06096053600589338, -0.7004767398151348, -8.238690437696969;
 0, 0, 0, 1]
cam2hand
[0.008068290000000001, -0.008755290000000001, -0.999929, -43.9202;
 0.999952, 0.0055987, 0.008019449999999999, -23.9483;
 0.00552809, -0.999946, 0.00880004, 140.574;
 0, 0, 0, 1]
