cam2tb
[0.03923965222262321, 0.9988955069910496, 0.02584605648884382, 4.079671489284906;
 -0.00251904899856691, 0.02596478657390135, -0.9996595628552448, 1.326851107000899;
 -0.9992264825714751, 0.03916119804015276, 0.003535120838133485, -0.7899066017098083;
 0, 0, 0, 1]
t2tb
[1, 0, 0, 4.549996;
 0, 1, 0, 1.399999;
 0, 0, 1, 0;
 0, 0, 0, 1]
cam2t
[0.03923965222262321, 0.9988955069910496, 0.02584605648884382, -0.4703245107150941;
 -0.00251904899856691, 0.02596478657390135, -0.9996595628552448, -0.07314789299910064;
 -0.9992264825714751, 0.03916119804015276, 0.003535120838133485, -0.7899066017098083;
 0, 0, 0, 1]
base2t
[0, -1, 0, 0;
 -1, 0, 0, 0;
 0, 0, -1, 0;
 0, 0, 0, 1]
base2t_invert
[-0, -1, -0, -0;
 -1, -0, -0, -0;
 -0, -0, -1, -0;
 0, 0, 0, 1]
hand2base
[-0.9993411759528098, 0.01039028636652178, 0.03477435828993713, 24.6170877357598;
 0.03427324861191976, -0.04503757009228487, 0.9983971963651381, 330.4025379271053;
 0.01193978537666354, 0.9989312585105165, 0.04465178939029221, 808.076824287945;
 0, 0, 0, 1]
cam2hand
[0.008068290000000001, -0.008755290000000001, -0.999929, -43.9202;
 0.999952, 0.0055987, 0.008019449999999999, -23.9483;
 0.00552809, -0.999946, 0.00880004, 140.574;
 0, 0, 0, 1]
