cam2tb
[0.03830430370685827, 0.9983356652921174, 0.04311243847063503, 3.978950311419407;
 -0.003103135006150457, 0.04326273642689308, -0.9990587889434427, 1.323266114300661;
 -0.9992611321657811, 0.03813447919241359, 0.004755124318187948, -1.134547212451061;
 0, 0, 0, 1]
t2tb
[1, 0, 0, 4.549989;
 0, 1, 0, 1.4;
 0, 0, 1, 0;
 0, 0, 0, 1]
cam2t
[0.03830430370685827, 0.9983356652921174, 0.04311243847063503, -0.5710386885805928;
 -0.003103135006150457, 0.04326273642689308, -0.9990587889434427, -0.07673388569933887;
 -0.9992611321657811, 0.03813447919241359, 0.004755124318187948, -1.134547212451061;
 0, 0, 0, 1]
base2t
[0, -1, 0, 0;
 -1, 0, 0, 0;
 0, 0, -1, 0;
 0, 0, 0, 1]
base2t_invert
[-0, -1, -0, -0;
 -1, -0, -0, -0;
 -0, -0, -1, -0;
 0, 0, 0, 1]
hand2base
[-0.9985842834450804, 0.01087268061780106, 0.05206931603793789, 25.81665443809645;
 0.05154105395550218, -0.04423759876973765, 0.9976906106665752, 431.9936067880689;
 0.01315099287625754, 0.9989618709797041, 0.04361458145044642, 1152.917169090353;
 0, 0, 0, 1]
cam2hand
[0.008068290000000001, -0.008755290000000001, -0.999929, -43.9202;
 0.999952, 0.0055987, 0.008019449999999999, -23.9483;
 0.00552809, -0.999946, 0.00880004, 140.574;
 0, 0, 0, 1]
