cam2tb
[-0.982380597496894, 0.1833723717353671, 0.03609164095222449, 3.001279721509732;
 0.1042520580337414, 0.6979593782732348, -0.7085083552209275, 0.6491639272203084;
 -0.1551113453102221, -0.6922624379707885, -0.7047787321981388, 0.1001580895762389;
 0, 0, 0, 1]
t2tb
[1, 0, 0, 3.950006;
 0, 1, 0, 1.399999;
 0, 0, 1, 0;
 0, 0, 0, 1]
cam2t
[-0.982380597496894, 0.1833723717353671, 0.03609164095222449, -0.9487262784902678;
 0.1042520580337414, 0.6979593782732348, -0.7085083552209275, -0.7508350727796919;
 -0.1551113453102221, -0.6922624379707885, -0.7047787321981388, 0.1001580895762389;
 0, 0, 0, 1]
base2t
[0, -1, 0, 0;
 -1, 0, 0, 0;
 0, 0, -1, 0;
 0, 0, 0, 1]
base2t_invert
[-0, -1, -0, -0;
 -1, -0, -0, -0;
 -0, -0, -1, -0;
 0, 0, 0, 1]
hand2base
[-0.7031885233550382, -0.1024729028900066, 0.7035802760133745, 618.591746655649;
 0.04562069476591598, 0.9810176955434263, 0.1884755507744709, 947.7288925321379;
 -0.7095383378161014, 0.1646316652529528, -0.6851654996898221, -31.06205181841526;
 0, 0, 0, 1]
cam2hand
[0.008068290000000001, -0.008755290000000001, -0.999929, -43.9202;
 0.999952, 0.0055987, 0.008019449999999999, -23.9483;
 0.00552809, -0.999946, 0.00880004, 140.574;
 0, 0, 0, 1]
