cam2tb
[0.03927012683161201, 0.9988945994677932, 0.02583484316638458, 3.238515678602985;
 -0.002540266054174157, 0.02595450473910015, -0.9996597761685971, 1.326851095997984;
 -0.9992252316537925, 0.03919115076773126, 0.00355669965313777, -0.7899269655112117;
 0, 0, 0, 1]
t2tb
[1, 0, 0, 3.949998;
 0, 1, 0, 1.400001;
 0, 0, 1, 0;
 0, 0, 0, 1]
cam2t
[0.03927012683161201, 0.9988945994677932, 0.02583484316638458, -0.7114823213970157;
 -0.002540266054174157, 0.02595450473910015, -0.9996597761685971, -0.07314990400201581;
 -0.9992252316537925, 0.03919115076773126, 0.00355669965313777, -0.7899269655112117;
 0, 0, 0, 1]
base2t
[0, -1, 0, 0;
 -1, 0, 0, 0;
 0, 0, -1, 0;
 0, 0, 0, 1]
base2t_invert
[-0, -1, -0, -0;
 -1, -0, -0, -0;
 -0, -0, -1, -0;
 0, 0, 0, 1]
hand2base
[-0.9993413080861756, 0.0104115616865075, 0.03476419617738179, 24.62103097190708;
 0.03426178225933443, -0.04506794824316952, 0.9983962191021983, 571.5592548772179;
 0.01196161481679603, 0.9989296669057331, 0.04468154369060634, 808.0939260454835;
 0, 0, 0, 1]
cam2hand
[0.008068290000000001, -0.008755290000000001, -0.999929, -43.9202;
 0.999952, 0.0055987, 0.008019449999999999, -23.9483;
 0.00552809, -0.999946, 0.00880004, 140.574;
 0, 0, 0, 1]
