cam2tb
[0.03829887817045965, 0.9983357167313081, 0.04311606727384345, 3.378958172377549;
 -0.003135641260223058, 0.04326758234812751, -0.9990584775910486, 1.323266416100192;
 -0.9992612386515067, 0.03812763403369768, 0.004787527503581293, -1.134543529415729;
 0, 0, 0, 1]
t2tb
[1, 0, 0, 3.949998;
 0, 1, 0, 1.4;
 0, 0, 1, 0;
 0, 0, 0, 1]
cam2t
[0.03829887817045965, 0.9983357167313081, 0.04311606727384345, -0.5710398276224512;
 -0.003135641260223058, 0.04326758234812751, -0.9990584775910486, -0.07673358389980847;
 -0.9992612386515067, 0.03812763403369768, 0.004787527503581293, -1.134543529415729;
 0, 0, 0, 1]
base2t
[0, -1, 0, 0;
 -1, 0, 0, 0;
 0, 0, -1, 0;
 0, 0, 0, 1]
base2t_invert
[-0, -1, -0, -0;
 -1, -0, -0, -0;
 -0, -0, -1, -0;
 0, 0, 0, 1]
hand2base
[-0.9985836674174593, 0.01090515569490812, 0.05207433865510738, 25.81645136812547;
 0.05154472672710148, -0.04423220288093911, 0.9976906601622207, 431.9950294033532;
 0.01318333469670812, 0.9989617559284085, 0.04360745210059076, 1152.915905960187;
 0, 0, 0, 1]
cam2hand
[0.008068290000000001, -0.008755290000000001, -0.999929, -43.9202;
 0.999952, 0.0055987, 0.008019449999999999, -23.9483;
 0.00552809, -0.999946, 0.00880004, 140.574;
 0, 0, 0, 1]
