cam2tb
[-0.9973534911502329, -0.02007949719276042, 0.06987480314213837, 4.035982748192644;
 -0.06719204886112835, 0.6216225795110167, -0.7804296552163932, 0.7761250865240368;
 -0.02776511564640172, -0.7830595034192676, -0.6213266632520875, 0.2796444534445492;
 0, 0, 0, 1]
t2tb
[1, 0, 0, 4.550000000000001;
 0, 1, 0, 1.399998;
 0, 0, 1, 0;
 0, 0, 0, 1]
cam2t
[-0.9973534911502329, -0.02007949719276042, 0.06987480314213837, -0.514017251807357;
 -0.06719204886112835, 0.6216225795110167, -0.7804296552163932, -0.6238729134759633;
 -0.02776511564640172, -0.7830595034192676, -0.6213266632520875, 0.2796444534445492;
 0, 0, 0, 1]
base2t
[0, -1, 0, 0;
 -1, 0, 0, 0;
 0, 0, -1, 0;
 0, 0, 0, 1]
base2t_invert
[-0, -1, -0, -0;
 -1, -0, -0, -0;
 -0, -0, -1, -0;
 0, 0, 0, 1]
hand2base
[-0.7743898245939193, 0.06996718969836538, 0.6288282690298775, 503.1402476602807;
 0.07774099248126747, 0.9968580190556492, -0.01517985284758865, 543.4385992772802;
 -0.627914594235097, 0.03713061015065446, -0.7773960252898221, -197.0517041561111;
 0, 0, 0, 1]
cam2hand
[0.008068290000000001, -0.008755290000000001, -0.999929, -43.9202;
 0.999952, 0.0055987, 0.008019449999999999, -23.9483;
 0.00552809, -0.999946, 0.00880004, 140.574;
 0, 0, 0, 1]
