cam2tb
[-0.9983789289838328, 0.01895933057768991, 0.05366300642787075, 3.834860787227393;
 -0.02456741316132571, 0.7069512398673056, -0.7068353872878446, 1.071923037159573;
 -0.05133824849201397, -0.7070081270358914, -0.7053394745383734, 0.07694414526769305;
 0, 0, 0, 1]
t2tb
[1, 0, 0, 4.549999000000001;
 0, 1, 0, 1.399999;
 0, 0, 1, 0;
 0, 0, 0, 1]
cam2t
[-0.9983789289838328, 0.01895933057768991, 0.05366300642787075, -0.7151382127726071;
 -0.02456741316132571, 0.7069512398673056, -0.7068353872878446, -0.3280759628404268;
 -0.05133824849201397, -0.7070081270358914, -0.7053394745383734, 0.07694414526769305;
 0, 0, 0, 1]
base2t
[0, -1, 0, 0;
 -1, 0, 0, 0;
 0, 0, -1, 0;
 0, 0, 0, 1]
base2t_invert
[-0, -1, -0, -0;
 -1, -0, -0, -0;
 -0, -0, -1, -0;
 0, 0, 0, 1]
hand2base
[-0.7003975948568594, 0.02627666981825912, 0.7132690556458963, 197.6765577382369;
 0.06188041257558122, 0.9977948511170038, 0.02400519993401626, 738.3769963264901;
 -0.7110654144719756, 0.06095056773860629, -0.7004791250523738, -8.24546547789827;
 0, 0, 0, 1]
cam2hand
[0.008068290000000001, -0.008755290000000001, -0.999929, -43.9202;
 0.999952, 0.0055987, 0.008019449999999999, -23.9483;
 0.00552809, -0.999946, 0.00880004, 140.574;
 0, 0, 0, 1]
