cam2tb
[-0.185002960494791, 0.8236249353904622, -0.5361117315726431, 4.889231950329326;
 0.9799232115166692, 0.113347375869397, -0.1640199368472769, 2.350689960260134;
 -0.07432404406107314, -0.5556926683403811, -0.8280588317928271, -0.2037840445497152;
 0, 0, 0, 1]
t2tb
[1, 0, 0, 5.300001;
 0, 1, 0, 1.99999;
 0, 0, 1, 0;
 0, 0, 0, 1]
cam2t
[-0.185002960494791, 0.8236249353904622, -0.5361117315726431, -0.4107690496706741;
 0.9799232115166692, 0.113347375869397, -0.1640199368472769, 0.3506999602601337;
 -0.07432404406107314, -0.5556926683403811, -0.8280588317928271, -0.2037840445497152;
 0, 0, 0, 1]
base2t
[0, -1, 0, 0;
 -1, 0, 0, 0;
 0, 0, -1, 0;
 0, 0, 0, 1]
base2t_invert
[-0, -1, -0, -0;
 -1, -0, -0, -0;
 -0, -0, -1, -0;
 0, 0, 0, 1]
hand2base
[-0.1709222450754265, -0.9791957562336534, 0.1093675322588, -397.0312046570544;
 -0.5273700670959451, 0.1846822388808931, 0.8293209770487897, 275.4487094835415;
 -0.8322658220001553, 0.08407224045988411, -0.5479648345600849, 246.2737590839588;
 0, 0, 0, 1]
cam2hand
[0.008068290000000001, -0.008755290000000001, -0.999929, -43.9202;
 0.999952, 0.0055987, 0.008019449999999999, -23.9483;
 0.00552809, -0.999946, 0.00880004, 140.574;
 0, 0, 0, 1]
