cam2tb
[0.1864989596086435, 0.8416235735521981, -0.5068410261094759, 4.867856820770708;
 0.9793666124314107, -0.1183893516788813, 0.1637823715262031, 1.502455290449619;
 0.07783852456263969, -0.5269285770490685, -0.846337560523489, -0.1153317796880554;
 0, 0, 0, 1]
t2tb
[1, 0, 0, 5.300001;
 0, 1, 0, 0.9999990000000001;
 0, 0, 1, 0;
 0, 0, 0, 1]
cam2t
[0.1864989596086435, 0.8416235735521981, -0.5068410261094759, -0.4321441792292915;
 0.9793666124314107, -0.1183893516788813, 0.1637823715262031, 0.5024562904496191;
 0.07783852456263969, -0.5269285770490685, -0.846337560523489, -0.1153317796880554;
 0, 0, 0, 1]
base2t
[0, -1, 0, 0;
 -1, 0, 0, 0;
 0, 0, -1, 0;
 0, 0, 0, 1]
base2t_invert
[-0, -1, -0, -0;
 -1, -0, -0, -0;
 -0, -0, -1, -0;
 0, 0, 0, 1]
hand2base
[0.1548324378964373, -0.9799705555529393, -0.1252382785904897, -501.519401891689;
 -0.5009412340038395, -0.187137479812754, 0.8450073631182403, 286.8750504728127;
 -0.8515191109128182, -0.06809753225040062, -0.5198826116073216, 149.3840481454376;
 0, 0, 0, 1]
cam2hand
[0.008068290000000001, -0.008755290000000001, -0.999929, -43.9202;
 0.999952, 0.0055987, 0.008019449999999999, -23.9483;
 0.00552809, -0.999946, 0.00880004, 140.574;
 0, 0, 0, 1]
