cam2tb
[0.4371810065446572, -0.8371880239916965, 0.3286166291588906, 2.998654738483319;
 -0.8978335939497601, -0.3848848120140203, 0.2139117459228809, 0.7565217685361264;
 -0.05260479520376125, -0.3885613174603008, -0.9199199059264763, 0.1182402633950872;
 0, 0, 0, 1]
t2tb
[1, 0, 0, 2.799999;
 0, 1, 0, 0.100001;
 0, 0, 1, 0;
 0, 0, 0, 1]
cam2t
[0.4371810065446572, -0.8371880239916965, 0.3286166291588906, 0.1986557384833188;
 -0.8978335939497601, -0.3848848120140203, 0.2139117459228809, 0.6565207685361264;
 -0.05260479520376125, -0.3885613174603008, -0.9199199059264763, 0.1182402633950872;
 0, 0, 0, 1]
base2t
[0, -1, 0, 0;
 -1, 0, 0, 0;
 0, 0, -1, 0;
 0, 0, 0, 1]
base2t_invert
[-0, -1, -0, -0;
 -1, -0, -0, -0;
 -0, -0, -1, -0;
 0, 0, 0, 1]
hand2base
[0.2177708128264898, 0.8982302025610347, -0.3817831534890618, -571.7763595040606;
 0.3177362526287789, -0.4351083326463217, -0.8424514304262047, -76.69403622259286;
 -0.9228323503466438, 0.06215498426434123, -0.3801541938277003, -103.842942935989;
 0, 0, 0, 1]
cam2hand
[0.008068290000000001, -0.008755290000000001, -0.999929, -43.9202;
 0.999952, 0.0055987, 0.008019449999999999, -23.9483;
 0.00552809, -0.999946, 0.00880004, 140.574;
 0, 0, 0, 1]
