cam2tb
[0.145199383123241, -0.8897160115257842, 0.4328077009550084, 2.897734229870061;
 -0.9879660752692581, -0.1539415349157891, 0.01499018019940797, 1.888686094100197;
 0.05329008016752276, -0.429776018552799, -0.9013614956358704, 0.1521637340217166;
 0, 0, 0, 1]
t2tb
[1, 0, 0, 2.8;
 0, 1, 0, 1.2;
 0, 0, 1, 0;
 0, 0, 0, 1]
cam2t
[0.145199383123241, -0.8897160115257842, 0.4328077009550084, 0.0977342298700614;
 -0.9879660752692581, -0.1539415349157891, 0.01499018019940797, 0.6886860941001973;
 0.05329008016752276, -0.429776018552799, -0.9013614956358704, 0.1521637340217166;
 0, 0, 0, 1]
base2t
[0, -1, 0, 0;
 -1, 0, 0, 0;
 0, 0, -1, 0;
 0, 0, 0, 1]
base2t_invert
[-0, -1, -0, -0;
 -1, -0, -0, -0;
 -0, -0, -1, -0;
 0, 0, 0, 1]
hand2base
[0.02161251197748843, 0.9886606488695829, -0.1486035689436773, -643.1703283336318;
 0.4238158463322486, -0.1436820921970714, -0.894279366182376, 43.15133263717842;
 -0.9054904901343265, -0.04365292382701987, -0.4221153805746121, -133.6400232533053;
 0, 0, 0, 1]
cam2hand
[0.008068290000000001, -0.008755290000000001, -0.999929, -43.9202;
 0.999952, 0.0055987, 0.008019449999999999, -23.9483;
 0.00552809, -0.999946, 0.00880004, 140.574;
 0, 0, 0, 1]
