cam2tb
[-0.2634446711283433, 0.7819805354403773, -0.5648922423300804, 4.908825765758522;
 0.9634004904072141, 0.2433536664787596, -0.1124196147822218, 1.212064396770967;
 0.04955864933379831, -0.573833981796477, -0.8174706980013502, 0.1109792643616921;
 0, 0, 0, 1]
t2tb
[1, 0, 0, 5.300001;
 0, 1, 0, 1.000004;
 0, 0, 1, 0;
 0, 0, 0, 1]
cam2t
[-0.2634446711283433, 0.7819805354403773, -0.5648922423300804, -0.391175234241478;
 0.9634004904072141, 0.2433536664787596, -0.1124196147822218, 0.2120603967709671;
 0.04955864933379831, -0.573833981796477, -0.8174706980013502, 0.1109792643616921;
 0, 0, 0, 1]
base2t
[0, -1, 0, 0;
 -1, 0, 0, 0;
 0, 0, -1, 0;
 0, 0, 0, 1]
base2t_invert
[-0, -1, -0, -0;
 -1, -0, -0, -0;
 -0, -0, -1, -0;
 0, 0, 0, 1]
hand2base
[-0.118054021538704, -0.9638154954019167, 0.2390040560779187, -273.9248518153823;
 -0.5558802598118433, 0.2635841696084207, 0.7883657287600451, 262.2495308688086;
 -0.8228367910770986, -0.03978789206526339, -0.5668831792309119, -68.38223713149679;
 0, 0, 0, 1]
cam2hand
[0.008068290000000001, -0.008755290000000001, -0.999929, -43.9202;
 0.999952, 0.0055987, 0.008019449999999999, -23.9483;
 0.00552809, -0.999946, 0.00880004, 140.574;
 0, 0, 0, 1]
