cam2tb
[0.2384632135206435, -0.7978486285832979, 0.5536901364523537, 2.835655337029413;
 -0.9096371038517825, -0.383187515691476, -0.1603975627209595, 1.705240296885806;
 0.3401401100724838, -0.4654083122878442, -0.8171288833420673, -0.2102215188195563;
 0, 0, 0, 1]
t2tb
[1, 0, 0, 2.8;
 0, 1, 0, 1.199999;
 0, 0, 1, 0;
 0, 0, 0, 1]
cam2t
[0.2384632135206435, -0.7978486285832979, 0.5536901364523537, 0.03565533702941273;
 -0.9096371038517825, -0.383187515691476, -0.1603975627209595, 0.5052412968858055;
 0.3401401100724838, -0.4654083122878442, -0.8171288833420673, -0.2102215188195563;
 0, 0, 0, 1]
base2t
[0, -1, 0, 0;
 -1, 0, 0, 0;
 0, 0, -1, 0;
 0, 0, 0, 1]
base2t_invert
[-0, -1, -0, -0;
 -1, -0, -0, -0;
 -0, -0, -1, -0;
 0, 0, 0, 1]
hand2base
[-0.1564019162291524, 0.9130254045196564, -0.3767267594710613, -437.2871065460301;
 0.5447415744386067, -0.2384252270996079, -0.8039962861609797, 95.58091693288979;
 -0.8238901975858173, -0.3309652878841194, -0.460072733964734, 230.7843050640709;
 0, 0, 0, 1]
cam2hand
[0.008068290000000001, -0.008755290000000001, -0.999929, -43.9202;
 0.999952, 0.0055987, 0.008019449999999999, -23.9483;
 0.00552809, -0.999946, 0.00880004, 140.574;
 0, 0, 0, 1]
