cam2tb
[0.1865343228800419, 0.841622192689505, -0.5068303053291883, 4.867867926361556;
 0.9793567573636043, -0.1183995596805007, 0.1638339141776954, 0.6024578093565972;
 0.07787777334068266, -0.5269284889818043, -0.846334004686354, -0.115331782793172;
 0, 0, 0, 1]
t2tb
[1, 0, 0, 5.300002;
 0, 1, 0, 0.100001;
 0, 0, 1, 0;
 0, 0, 0, 1]
cam2t
[0.1865343228800419, 0.841622192689505, -0.5068303053291883, -0.4321340736384443;
 0.9793567573636043, -0.1183995596805007, 0.1638339141776954, 0.5024568093565972;
 0.07787777334068266, -0.5269284889818043, -0.846334004686354, -0.115331782793172;
 0, 0, 0, 1]
base2t
[0, -1, 0, 0;
 -1, 0, 0, 0;
 0, 0, -1, 0;
 0, 0, 0, 1]
base2t_invert
[-0, -1, -0, -0;
 -1, -0, -0, -0;
 -0, -0, -1, -0;
 0, 0, 0, 1]
hand2base
[0.1548839670404387, -0.9799610571473335, -0.1252488851387384, -501.5159391527761;
 -0.5009308113930376, -0.1871729196425572, 0.8450056924953784, 286.8647887675786;
 -0.8515158712266785, -0.06813680816681567, -0.5198827718071732, 149.3832754667223;
 0, 0, 0, 1]
cam2hand
[0.008068290000000001, -0.008755290000000001, -0.999929, -43.9202;
 0.999952, 0.0055987, 0.008019449999999999, -23.9483;
 0.00552809, -0.999946, 0.00880004, 140.574;
 0, 0, 0, 1]
