cam2tb
[0.4371623152970948, -0.8371903502247425, 0.3286355679706426, 2.998660991828606;
 -0.8978438833330218, -0.3848724614950391, 0.2138907794355815, 1.85650844537457;
 -0.05258450943134165, -0.3885685387856261, -0.9199180155102717, 0.1182404640488451;
 0, 0, 0, 1]
t2tb
[1, 0, 0, 2.799999;
 0, 1, 0, 1.199998;
 0, 0, 1, 0;
 0, 0, 0, 1]
cam2t
[0.4371623152970948, -0.8371903502247425, 0.3286355679706426, 0.1986619918286064;
 -0.8978438833330218, -0.3848724614950391, 0.2138907794355815, 0.6565104453745697;
 -0.05258450943134165, -0.3885685387856261, -0.9199180155102717, 0.1182404640488451;
 0, 0, 0, 1]
base2t
[0, -1, 0, 0;
 -1, 0, 0, 0;
 0, 0, -1, 0;
 0, 0, 0, 1]
base2t_invert
[-0, -1, -0, -0;
 -1, -0, -0, -0;
 -0, -0, -1, -0;
 0, 0, 0, 1]
hand2base
[0.2177500389727821, 0.8982405904468902, -0.3817705622503836, -571.7684699628926;
 0.3177553205399997, -0.4350897811446695, -0.8424538198690807, -76.69867193093621;
 -0.922830686960438, 0.06213472472865492, -0.3801615435404011, -103.8425225364174;
 0, 0, 0, 1]
cam2hand
[0.008068290000000001, -0.008755290000000001, -0.999929, -43.9202;
 0.999952, 0.0055987, 0.008019449999999999, -23.9483;
 0.00552809, -0.999946, 0.00880004, 140.574;
 0, 0, 0, 1]
