cam2tb
[-0.1849750003542769, 0.8236176825626947, -0.5361325214260834, 4.889237006792489;
 0.9799339269582873, 0.1133613395805523, -0.1639462511059483, 1.350688762376854;
 -0.07425232270183488, -0.5557005696589065, -0.8280599637350666, 0.1108841353505896;
 0, 0, 0, 1]
t2tb
[1, 0, 0, 5.300000000000001;
 0, 1, 0, 0.9999980000000002;
 0, 0, 1, 0;
 0, 0, 0, 1]
cam2t
[-0.1849750003542769, 0.8236176825626947, -0.5361325214260834, -0.4107629932075121;
 0.9799339269582873, 0.1133613395805523, -0.1639462511059483, 0.350690762376854;
 -0.07425232270183488, -0.5557005696589065, -0.8280599637350666, 0.1108841353505896;
 0, 0, 0, 1]
base2t
[0, -1, 0, 0;
 -1, 0, 0, 0;
 0, 0, -1, 0;
 0, 0, 0, 1]
base2t_invert
[-0, -1, -0, -0;
 -1, -0, -0, -0;
 -0, -0, -1, -0;
 0, 0, 0, 1]
hand2base
[-0.1708485287468677, -0.9792071402628207, 0.1093807875421423, -397.0209051142274;
 -0.5273911445694128, 0.1846544874026788, 0.8293137529981152, 275.442078206503;
 -0.8322676017092072, 0.08400057583351701, -0.5479731219730053, -68.39505023271124;
 0, 0, 0, 1]
cam2hand
[0.008068290000000001, -0.008755290000000001, -0.999929, -43.9202;
 0.999952, 0.0055987, 0.008019449999999999, -23.9483;
 0.00552809, -0.999946, 0.00880004, 140.574;
 0, 0, 0, 1]
