cam2tb
[-0.1849973456761178, 0.8236210291664651, -0.536119670152824, 4.889236011942844;
 0.9799268003670161, 0.1133601743665048, -0.1639896477184191, 2.350699258255426;
 -0.07429069525738316, -0.5556958472429345, -0.8280596911091131, 0.1108855637036754;
 0, 0, 0, 1]
t2tb
[1, 0, 0, 5.300001;
 0, 1, 0, 2.000004;
 0, 0, 1, 0;
 0, 0, 0, 1]
cam2t
[-0.1849973456761178, 0.8236210291664651, -0.536119670152824, -0.4107649880571569;
 0.9799268003670161, 0.1133601743665048, -0.1639896477184191, 0.3506952582554264;
 -0.07429069525738316, -0.5556958472429345, -0.8280596911091131, 0.1108855637036754;
 0, 0, 0, 1]
base2t
[0, -1, 0, 0;
 -1, 0, 0, 0;
 0, 0, -1, 0;
 0, 0, 0, 1]
base2t_invert
[-0, -1, -0, -0;
 -1, -0, -0, -0;
 -0, -0, -1, -0;
 0, 0, 0, 1]
hand2base
[-0.1708918749911003, -0.9791996594702634, 0.1093800436795782, -397.0270210485153;
 -0.527378084616503, 0.1846767098626958, 0.8293171098563675, 275.444706955039;
 -0.8322669781556005, 0.08403891793454954, -0.547968190084183, -68.39622626639907;
 0, 0, 0, 1]
cam2hand
[0.008068290000000001, -0.008755290000000001, -0.999929, -43.9202;
 0.999952, 0.0055987, 0.008019449999999999, -23.9483;
 0.00552809, -0.999946, 0.00880004, 140.574;
 0, 0, 0, 1]
