cam2tb
[-0.9974667058708626, -0.0001101521175029194, -0.07113239602834934, 4.131479380678884;
 0.0404985471744948, 0.8212219558409197, -0.5691698238052395, 2.555736295731371;
 0.05847818176428995, -0.5706088770532749, -0.8191371382302739, 0.01830586879816369;
 0, 0, 0, 1]
t2tb
[1, 0, 0, 4.500007;
 0, 1, 0, 2.850034;
 0, 0, 1, 0;
 0, 0, 0, 1]
cam2t
[-0.9974667058708626, -0.0001101521175029194, -0.07113239602834934, -0.3685276193211168;
 0.0404985471744948, 0.8212219558409197, -0.5691698238052395, -0.2942977042686286;
 0.05847818176428995, -0.5706088770532749, -0.8191371382302739, 0.01830586879816369;
 0, 0, 0, 1]
base2t
[0, -1, 0, 0;
 -1, 0, 0, 0;
 0, 0, -1, 0;
 0, 0, 0, 1]
base2t_invert
[-0, -1, -0, -0;
 -1, -0, -0, -0;
 -0, -0, -1, -0;
 0, 0, 0, 1]
hand2base
[-0.5622662701264887, -0.0405299600314921, 0.825962446978004, 152.523388568111;
 -0.06308047857275788, 0.9979902271151171, 0.006029909265390099, 388.8096329770536;
 -0.8245468420296559, -0.04871169184664659, -0.5636928918980254, 23.5538713663474;
 0, 0, 0, 1]
cam2hand
[0.008068290000000001, -0.008755290000000001, -0.999929, -43.9202;
 0.999952, 0.0055987, 0.008019449999999999, -23.9483;
 0.00552809, -0.999946, 0.00880004, 140.574;
 0, 0, 0, 1]
