cam2tb
[-0.02065776693956044, 0.8118314750997795, -0.5835262034779646, 2.099220254050122;
 0.9997829985801537, 0.01830446588007264, -0.00992783291229116, 0.4953591454062176;
 0.002621412161279168, -0.5836048372202165, -0.812033475487041, 0.04584111476135197;
 0, 0, 0, 1]
t2tb
[1, 0, 0, 2.449982;
 0, 1, 0, 0.200002;
 0, 0, 1, 0;
 0, 0, 0, 1]
cam2t
[-0.02065776693956044, 0.8118314750997795, -0.5835262034779646, -0.3507617459498784;
 0.9997829985801537, 0.01830446588007264, -0.00992783291229116, 0.2953571454062176;
 0.002621412161279168, -0.5836048372202165, -0.812033475487041, 0.04584111476135197;
 0, 0, 0, 1]
base2t
[0, -1, 0, 0;
 -1, 0, 0, 0;
 0, 0, -1, 0;
 0, 0, 0, 1]
base2t_invert
[-0, -1, -0, -0;
 -1, -0, -0, -0;
 -0, -0, -1, -0;
 0, 0, 0, 1]
hand2base
[-0.01783340681893482, -0.9997582149546987, 0.01286395086374016, -321.8912388883056;
 -0.5762104235817884, 0.02079114426371838, 0.817036887830593, 211.0982379943545;
 -0.8171067967878656, 0.007158208630628348, -0.5764418814523058, -0.5244407266090656;
 0, 0, 0, 1]
cam2hand
[0.008068290000000001, -0.008755290000000001, -0.999929, -43.9202;
 0.999952, 0.0055987, 0.008019449999999999, -23.9483;
 0.00552809, -0.999946, 0.00880004, 140.574;
 0, 0, 0, 1]
