cam2tb
[-0.02073058574581646, 0.8118799045457127, -0.5834562373232012, 2.09921138434789;
 0.9997818833345443, 0.01827454169125628, -0.01009388284722622, 1.695352794877402;
 0.002467378616808051, -0.5835384007770982, -0.8120817015430302, 0.04582269170948657;
 0, 0, 0, 1]
t2tb
[1, 0, 0, 2.449984;
 0, 1, 0, 1.399998;
 0, 0, 1, 0;
 0, 0, 0, 1]
cam2t
[-0.02073058574581646, 0.8118799045457127, -0.5834562373232012, -0.3507726156521097;
 0.9997818833345443, 0.01827454169125628, -0.01009388284722622, 0.2953547948774022;
 0.002467378616808051, -0.5835384007770982, -0.8120817015430302, 0.04582269170948657;
 0, 0, 0, 1]
base2t
[0, -1, 0, 0;
 -1, 0, 0, 0;
 0, 0, -1, 0;
 0, 0, 0, 1]
base2t_invert
[-0, -1, -0, -0;
 -1, -0, -0, -0;
 -0, -0, -1, -0;
 0, 0, 0, 1]
hand2base
[-0.01799969800137409, -0.9997556005954257, 0.01283549570288508, -321.8921292362389;
 -0.5761394508408002, 0.02086312736697598, 0.8170851015049354, 211.1071711174594;
 -0.8171531949743087, 0.007312249622981274, -0.5763741726940328, -0.5138845634601805;
 0, 0, 0, 1]
cam2hand
[0.008068290000000001, -0.008755290000000001, -0.999929, -43.9202;
 0.999952, 0.0055987, 0.008019449999999999, -23.9483;
 0.00552809, -0.999946, 0.00880004, 140.574;
 0, 0, 0, 1]
