cam2tb
[-0.0207609174172808, 0.8118803000811133, -0.5834546084400721, 2.099209510471072;
 0.999781357061307, 0.01827459173868849, -0.01014578527999333, 2.295352108159561;
 0.002425235497081278, -0.5835378488989892, -0.8120822250575359, 0.0458215938723493;
 0, 0, 0, 1]
t2tb
[1, 0, 0, 2.449984;
 0, 1, 0, 1.999999;
 0, 0, 1, 0;
 0, 0, 0, 1]
cam2t
[-0.0207609174172808, 0.8118803000811133, -0.5834546084400721, -0.3507744895289282;
 0.999781357061307, 0.01827459173868849, -0.01014578527999333, 0.2953531081595606;
 0.002425235497081278, -0.5835378488989892, -0.8120822250575359, 0.0458215938723493;
 0, 0, 0, 1]
base2t
[0, -1, 0, 0;
 -1, 0, 0, 0;
 0, 0, -1, 0;
 0, 0, 0, 1]
base2t_invert
[-0, -1, -0, -0;
 -1, -0, -0, -0;
 -0, -0, -1, -0;
 0, 0, 0, 1]
hand2base
[-0.01805159207735643, -0.9997546583981634, 0.01283600540060528, -321.8927708028179;
 -0.5761375738852373, 0.0208934423156104, 0.817085650360987, 211.1097762671353;
 -0.8171533735970901, 0.007354391842695482, -0.5763733832677551, -0.5118963097603818;
 0, 0, 0, 1]
cam2hand
[0.008068290000000001, -0.008755290000000001, -0.999929, -43.9202;
 0.999952, 0.0055987, 0.008019449999999999, -23.9483;
 0.00552809, -0.999946, 0.00880004, 140.574;
 0, 0, 0, 1]
