cam2tb
[-0.02067411750400808, 0.8118301629330275, -0.5835274499626518, 2.099222891862083;
 0.9997827255777941, 0.01830319190068776, -0.009957629748884223, 1.095357942649777;
 0.00259651463309707, -0.5836067024795506, -0.8120322149232584, 0.04584306743401696;
 0, 0, 0, 1]
t2tb
[1, 0, 0, 2.449984;
 0, 1, 0, 0.7999990000000001;
 0, 0, 1, 0;
 0, 0, 0, 1]
cam2t
[-0.02067411750400808, 0.8118301629330275, -0.5835274499626518, -0.3507611081379173;
 0.9997827255777941, 0.01830319190068776, -0.009957629748884223, 0.2953589426497768;
 0.00259651463309707, -0.5836067024795506, -0.8120322149232584, 0.04584306743401696;
 0, 0, 0, 1]
base2t
[0, -1, 0, 0;
 -1, 0, 0, 0;
 0, 0, -1, 0;
 0, 0, 0, 1]
base2t_invert
[-0, -1, -0, -0;
 -1, -0, -0, -0;
 -0, -0, -1, -0;
 0, 0, 0, 1]
hand2base
[-0.01786321049857591, -0.9997576958782833, 0.01286294067581658, -321.8941906782805;
 -0.5762115495456114, 0.02080751139146692, 0.817035677091239, 211.0981128931966;
 -0.81710535176373, 0.007183105306201748, -0.576443620068113, -0.5254892962909055;
 0, 0, 0, 1]
cam2hand
[0.008068290000000001, -0.008755290000000001, -0.999929, -43.9202;
 0.999952, 0.0055987, 0.008019449999999999, -23.9483;
 0.00552809, -0.999946, 0.00880004, 140.574;
 0, 0, 0, 1]
