cam2tb
[-0.02059778311683635, 0.1932779106199555, 0.9809276976675136, 0.5354753333131332;
 0.9996525593775314, -0.01214824535351943, 0.02338460918555374, 1.315373908489157;
 0.01643627838639368, 0.9810688420604791, -0.1929605382591317, -0.7818121770320593;
 0, 0, 0, 1]
t2tb
[1, 0, 0, 0.200019;
 0, 1, 0, 2;
 0, 0, 1, 0;
 0, 0, 0, 1]
cam2t
[-0.02059778311683635, 0.1932779106199555, 0.9809276976675136, 0.3354563333131332;
 0.9996525593775314, -0.01214824535351943, 0.02338460918555374, -0.6846260915108435;
 0.01643627838639368, 0.9810688420604791, -0.1929605382591317, -0.7818121770320593;
 0, 0, 0, 1]
base2t
[0, -1, 0, 0;
 -1, 0, 0, 0;
 0, 0, -1, 0;
 0, 0, 0, 1]
base2t_invert
[-0, -1, -0, -0;
 -1, -0, -0, -0;
 -0, -0, -1, -0;
 0, 0, 0, 1]
hand2base
[0.01521110834427155, -0.9997244340459052, -0.0178795457026557, 663.8658650252892;
 0.982716682376736, 0.01164818921817643, 0.1847491322480264, -317.9871902665909;
 -0.1844899573456508, -0.02038076690245192, 0.9826230609847643, 635.0900023125646;
 0, 0, 0, 1]
cam2hand
[0.008068290000000001, -0.008755290000000001, -0.999929, -43.9202;
 0.999952, 0.0055987, 0.008019449999999999, -23.9483;
 0.00552809, -0.999946, 0.00880004, 140.574;
 0, 0, 0, 1]
