cam2tb
[-0.03905130828057615, 0.996313122023097, -0.07638821503950816, 1.36831976695212;
 0.5631262917798333, 0.08509399191266882, 0.8219778074972626, -0.2117169827112204;
 0.825447414566453, -0.01091690824502027, -0.5643731761063552, -0.3779412693704435;
 0, 0, 0, 1]
t2tb
[1, 0, 0, 2.449983;
 0, 1, 0, 0.199997;
 0, 0, 1, 0;
 0, 0, 0, 1]
cam2t
[-0.03905130828057615, 0.996313122023097, -0.07638821503950816, -1.08166323304788;
 0.5631262917798333, 0.08509399191266882, 0.8219778074972626, -0.4117139827112204;
 0.825447414566453, -0.01091690824502027, -0.5643731761063552, -0.3779412693704435;
 0, 0, 0, 1]
base2t
[0, -1, 0, 0;
 -1, 0, 0, 0;
 0, 0, -1, 0;
 0, 0, 0, 1]
base2t_invert
[-0, -1, -0, -0;
 -1, -0, -0, -0;
 -0, -0, -1, -0;
 0, 0, 0, 1]
hand2base
[0.8181212037416892, -0.5701676846648882, 0.0747429418214863, 423.4845685375224;
 -0.06734472458658285, 0.0340839804175681, 0.9971474165584806, 939.3486917280343;
 -0.5710887707341187, -0.8208209875744988, -0.01051295860439753, 334.6795177281711;
 0, 0, 0, 1]
cam2hand
[0.008068290000000001, -0.008755290000000001, -0.999929, -43.9202;
 0.999952, 0.0055987, 0.008019449999999999, -23.9483;
 0.00552809, -0.999946, 0.00880004, 140.574;
 0, 0, 0, 1]
