cam2tb
[-0.9995816632699478, 0.001015154663197838, 0.02889857531320262, 1.296640176839208;
 0.02470688693904274, 0.5492379851692629, 0.8353005678165512, -0.3576634879071509;
 -0.01502423305323341, 0.8356653687744231, -0.5490333241921828, -0.6217978197743687;
 0, 0, 0, 1]
t2tb
[1, 0, 0, 2.449984;
 0, 1, 0, 0.200001;
 0, 0, 1, 0;
 0, 0, 0, 1]
cam2t
[-0.9995816632699478, 0.001015154663197838, 0.02889857531320262, -1.153343823160792;
 0.02470688693904274, 0.5492379851692629, 0.8353005678165512, -0.557664487907151;
 -0.01502423305323341, 0.8356653687744231, -0.5490333241921828, -0.6217978197743687;
 0, 0, 0, 1]
base2t
[0, -1, 0, 0;
 -1, 0, 0, 0;
 0, 0, -1, 0;
 0, 0, 0, 1]
base2t_invert
[-0, -1, -0, -0;
 -1, -0, -0, -0;
 -0, -0, -1, -0;
 0, 0, 0, 1]
hand2base
[0.8398508585250714, -0.03447938501047131, 0.5417210605505386, 517.5732865618661;
 0.03697033130810488, 0.9992965894272031, 0.006286569981204367, 1178.015293729952;
 -0.5415567652958179, 0.01474782588923893, 0.8405348128387492, 480.2083829099722;
 0, 0, 0, 1]
cam2hand
[0.008068290000000001, -0.008755290000000001, -0.999929, -43.9202;
 0.999952, 0.0055987, 0.008019449999999999, -23.9483;
 0.00552809, -0.999946, 0.00880004, 140.574;
 0, 0, 0, 1]
