cam2tb
[-0.01743332238617341, 0.9996049024295004, -0.02204816242603072, 1.263425335670826;
 0.533832945374727, -0.009339775777097912, -0.8455382242752962, 2.920924405493269;
 -0.8454100337053586, -0.02651058445255882, -0.5334592272576397, -0.468431609584024;
 0, 0, 0, 1]
t2tb
[1, 0, 0, 1.800007;
 0, 1, 0, 2.850054000000001;
 0, 0, 1, 0;
 0, 0, 0, 1]
cam2t
[-0.01743332238617341, 0.9996049024295004, -0.02204816242603072, -0.5365816643291738;
 0.533832945374727, -0.009339775777097912, -0.8455382242752962, 0.0708704054932681;
 -0.8454100337053586, -0.02651058445255882, -0.5334592272576397, -0.468431609584024;
 0, 0, 0, 1]
base2t
[0, -1, 0, 0;
 -1, 0, 0, 0;
 0, 0, -1, 0;
 0, 0, 0, 1]
base2t_invert
[-0, -1, -0, -0;
 -1, -0, -0, -0;
 -0, -0, -1, -0;
 0, 0, 0, 1]
hand2base
[-0.8498672866038895, -0.5269744555317937, -0.004849574982602658, -120.1351648941759;
 -0.01315411658634711, 0.01201281743639775, 0.9998413181270678, 395.7399259992958;
 -0.5268325771792923, 0.8497962199458229, -0.01714118398523126, 468.0537970394625;
 0, 0, 0, 1]
cam2hand
[0.008068290000000001, -0.008755290000000001, -0.999929, -43.9202;
 0.999952, 0.0055987, 0.008019449999999999, -23.9483;
 0.00552809, -0.999946, 0.00880004, 140.574;
 0, 0, 0, 1]
