cam2tb
[-0.05735877182463853, -0.8804450583293978, 0.4706659291387352, 0.7789345683075473;
 -0.9983527683542959, 0.05113935532334079, -0.02600339219898498, 2.166000751749529;
 -0.001174989640409289, -0.4713822960836886, -0.8819280946116984, 0.05491287439566298;
 0, 0, 0, 1]
t2tb
[1, 0, 0, 0.4999950000000001;
 0, 1, 0, 2.499994;
 0, 0, 1, 0;
 0, 0, 0, 1]
cam2t
[-0.05735877182463853, -0.8804450583293978, 0.4706659291387352, 0.2789395683075471;
 -0.9983527683542959, 0.05113935532334079, -0.02600339219898498, -0.3339932482504713;
 -0.001174989640409289, -0.4713822960836886, -0.8819280946116984, 0.05491287439566298;
 0, 0, 0, 1]
base2t
[0, -1, 0, 0;
 -1, 0, 0, 0;
 0, 0, -1, 0;
 0, 0, 0, 1]
base2t_invert
[-0, -1, -0, -0;
 -1, -0, -0, -0;
 -0, -0, -1, -0;
 0, 0, 0, 1]
hand2base
[-0.0174988147547131, 0.9982274066434985, 0.05688441006089283, 349.1340771493019;
 0.463386863176223, 0.05851090125068899, -0.8842223077204806, -132.8876212975541;
 -0.8859832992319215, 0.01088664597696149, -0.4635893381231839, -28.39611381341029;
 0, 0, 0, 1]
cam2hand
[0.008068290000000001, -0.008755290000000001, -0.999929, -43.9202;
 0.999952, 0.0055987, 0.008019449999999999, -23.9483;
 0.00552809, -0.999946, 0.00880004, 140.574;
 0, 0, 0, 1]
