cam2tb
[0.9998830002909495, -0.004294170667837969, -0.01466988011297472, 1.307177747621455;
 -0.01452264462162839, -0.5662761575015811, -0.8240875222230681, 3.124662211903976;
 -0.004768428350641793, 0.8242043903087354, -0.5662722910906194, -0.7113575510384436;
 0, 0, 0, 1]
t2tb
[1, 0, 0, 1.800004;
 0, 1, 0, 2.850052;
 0, 0, 1, 0;
 0, 0, 0, 1]
cam2t
[0.9998830002909495, -0.004294170667837969, -0.01466988011297472, -0.4928262523785451;
 -0.01452264462162839, -0.5662761575015811, -0.8240875222230681, 0.2746102119039758;
 -0.004768428350641793, 0.8242043903087354, -0.5662722910906194, -0.7113575510384436;
 0, 0, 0, 1]
base2t
[0, -1, 0, 0;
 -1, 0, 0, 0;
 0, 0, -1, 0;
 0, 0, 0, 1]
base2t_invert
[-0, -1, -0, -0;
 -1, -0, -0, -0;
 -0, -0, -1, -0;
 0, 0, 0, 1]
hand2base
[-0.8288699498422933, 0.02430109715730855, -0.5589132874832958, -231.8636994353101;
 -0.02277378289632757, -0.9996936602621672, -0.009692287873438541, 469.2475432704461;
 -0.5589776033626259, 0.004694923703503225, 0.8291694619499642, 570.3599104004107;
 0, 0, 0, 1]
cam2hand
[0.008068290000000001, -0.008755290000000001, -0.999929, -43.9202;
 0.999952, 0.0055987, 0.008019449999999999, -23.9483;
 0.00552809, -0.999946, 0.00880004, 140.574;
 0, 0, 0, 1]
