cam2tb
[-0.05731694267025059, -0.8804460410469354, 0.4706691865656408, 0.7789324666842399;
 -0.9983550466778121, 0.05115010749079934, -0.02589454434667864, 0.6660057000415859;
 -0.00127602603855488, -0.4713792939545943, -0.8819295588163603, 0.0549127300799828;
 0, 0, 0, 1]
t2tb
[1, 0, 0, 0.4999940000000001;
 0, 1, 0, 0.999997;
 0, 0, 1, 0;
 0, 0, 0, 1]
cam2t
[-0.05731694267025059, -0.8804460410469354, 0.4706691865656408, 0.2789384666842398;
 -0.9983550466778121, 0.05115010749079934, -0.02589454434667864, -0.3339912999584141;
 -0.00127602603855488, -0.4713792939545943, -0.8819295588163603, 0.0549127300799828;
 0, 0, 0, 1]
base2t
[0, -1, 0, 0;
 -1, 0, 0, 0;
 0, 0, -1, 0;
 0, 0, 0, 1]
base2t_invert
[-0, -1, -0, -0;
 -1, -0, -0, -0;
 -0, -0, -1, -0;
 0, 0, 0, 1]
hand2base
[-0.01738986208370533, 0.9982287517596388, 0.05689421637656321, 349.1355677805717;
 0.4633897742789992, 0.05846905346899926, -0.8842235502858411, -132.8872193288778;
 -0.8859839218577095, 0.0109876724938811, -0.4635857647326968, -28.39407975603843;
 0, 0, 0, 1]
cam2hand
[0.008068290000000001, -0.008755290000000001, -0.999929, -43.9202;
 0.999952, 0.0055987, 0.008019449999999999, -23.9483;
 0.00552809, -0.999946, 0.00880004, 140.574;
 0, 0, 0, 1]
