cam2tb
[-0.05733245812061823, -0.8804474129223065, 0.4706647305879224, 0.7789338126026517;
 -0.998354209261186, 0.0511438234182412, -0.02593920443092141, 1.166008621964362;
 -0.001233484045930624, -0.471377413401677, -0.8819306244696311, 0.05491152626102475;
 0, 0, 0, 1]
t2tb
[1, 0, 0, 0.4999940000000001;
 0, 1, 0, 1.499999;
 0, 0, 1, 0;
 0, 0, 0, 1]
cam2t
[-0.05733245812061823, -0.8804474129223065, 0.4706647305879224, 0.2789398126026516;
 -0.998354209261186, 0.0511438234182412, -0.02593920443092141, -0.333990378035638;
 -0.001233484045930624, -0.471377413401677, -0.8819306244696311, 0.05491152626102475;
 0, 0, 0, 1]
base2t
[0, -1, 0, 0;
 -1, 0, 0, 0;
 0, 0, -1, 0;
 0, 0, 0, 1]
base2t_invert
[-0, -1, -0, -0;
 -1, -0, -0, -0;
 -0, -0, -1, -0;
 0, 0, 0, 1]
hand2base
[-0.0174345807832998, 0.9982283077151707, 0.05688832102476767, 349.1334999026388;
 0.4633854317885335, 0.05848461159514956, -0.8842247971034962, -132.8882081095219;
 -0.8859853142118469, 0.01094513054608889, -0.463584110079567, -28.39418849808996;
 0, 0, 0, 1]
cam2hand
[0.008068290000000001, -0.008755290000000001, -0.999929, -43.9202;
 0.999952, 0.0055987, 0.008019449999999999, -23.9483;
 0.00552809, -0.999946, 0.00880004, 140.574;
 0, 0, 0, 1]
