cam2tb
[-0.05734911567340119, -0.8804485170579288, 0.4706606357424334, 0.7789340069453188;
 -0.9983532989232564, 0.05114061367146207, -0.02598053717557246, 1.666001927969473;
 -0.001195343926212681, -0.471375699314755, -0.8819315931374162, 0.05491136767796215;
 0, 0, 0, 1]
t2tb
[1, 0, 0, 0.4999940000000001;
 0, 1, 0, 1.999994;
 0, 0, 1, 0;
 0, 0, 0, 1]
cam2t
[-0.05734911567340119, -0.8804485170579288, 0.4706606357424334, 0.2789400069453187;
 -0.9983532989232564, 0.05114061367146207, -0.02598053717557246, -0.3339920720305269;
 -0.001195343926212681, -0.471375699314755, -0.8819315931374162, 0.05491136767796215;
 0, 0, 0, 1]
base2t
[0, -1, 0, 0;
 -1, 0, 0, 0;
 0, 0, -1, 0;
 0, 0, 0, 1]
base2t_invert
[-0, -1, -0, -0;
 -1, -0, -0, -0;
 -0, -0, -1, -0;
 0, 0, 0, 1]
hand2base
[-0.01747594605047924, 0.99822774685719, 0.05688547014887576, 349.1337644541527;
 0.4633814619636943, 0.05850130737420442, -0.8842257730601942, -132.8880397780274;
 -0.8859865755292402, 0.01090699041563488, -0.4635825984029633, -28.39521120605256;
 0, 0, 0, 1]
cam2hand
[0.008068290000000001, -0.008755290000000001, -0.999929, -43.9202;
 0.999952, 0.0055987, 0.008019449999999999, -23.9483;
 0.00552809, -0.999946, 0.00880004, 140.574;
 0, 0, 0, 1]
