cam2tb
[0.9905086696586374, 0.1341773010040601, 0.02981094628405475, 1.086999122460452;
 0.08414826916015869, -0.7634603278040517, 0.6403493533148616, 1.935676332571341;
 0.1086798211030821, -0.6317632335181191, -0.7675048993421423, 0.1054079075059331;
 0, 0, 0, 1]
t2tb
[1, 0, 0, 0.4999960000000001;
 0, 1, 0, 1.400009;
 0, 0, 1, 0;
 0, 0, 0, 1]
cam2t
[0.9905086696586374, 0.1341773010040601, 0.02981094628405475, 0.5870031224604521;
 0.08414826916015869, -0.7634603278040517, 0.6403493533148616, 0.5356673325713404;
 0.1086798211030821, -0.6317632335181191, -0.7675048993421423, 0.1054079075059331;
 0, 0, 0, 1]
base2t
[0, -1, 0, 0;
 -1, 0, 0, 0;
 0, 0, -1, 0;
 0, 0, 0, 1]
base2t_invert
[-0, -1, -0, -0;
 -1, -0, -0, -0;
 -0, -0, -1, -0;
 0, 0, 0, 1]
hand2base
[0.6329407964191394, -0.0850051269136584, -0.7695193802801189, -401.7297571218214;
 0.02299188855300549, -0.9914517487459004, 0.1284320947795453, -627.7911113228575;
 -0.7738587217891079, -0.09898261618632213, -0.6255758310579457, -53.82670585073033;
 0, 0, 0, 1]
cam2hand
[0.008068290000000001, -0.008755290000000001, -0.999929, -43.9202;
 0.999952, 0.0055987, 0.008019449999999999, -23.9483;
 0.00552809, -0.999946, 0.00880004, 140.574;
 0, 0, 0, 1]
