cam2tb
[0.9981408291639944, -0.05952537967831584, 0.01308720288682795, 1.181736134620927;
 -0.05034927973168513, -0.6843433586987854, 0.7274194031180519, 1.531060617585246;
 -0.03434377051062126, -0.7267261520268085, -0.6860681412303592, 0.0587841973769879;
 0, 0, 0, 1]
t2tb
[1, 0, 0, 0.4999990000000001;
 0, 1, 0, 1.399994;
 0, 0, 1, 0;
 0, 0, 0, 1]
cam2t
[0.9981408291639944, -0.05952537967831584, 0.01308720288682795, 0.6817371346209269;
 -0.05034927973168513, -0.6843433586987854, 0.7274194031180519, 0.1310666175852457;
 -0.03434377051062126, -0.7267261520268085, -0.6860681412303592, 0.0587841973769879;
 0, 0, 0, 1]
base2t
[0, -1, 0, 0;
 -1, 0, 0, 0;
 0, 0, -1, 0;
 0, 0, 0, 1]
base2t_invert
[-0, -1, -0, -0;
 -1, -0, -0, -0;
 -0, -0, -1, -0;
 0, 0, 0, 1]
hand2base
[0.7217825421837472, 0.04834480521774753, -0.6904293892985909, -1.151587105970769;
 0.004511827287400806, -0.9978649458964377, -0.06515514688516914, -696.2770237296747;
 -0.6921051980828462, 0.04391274939647198, -0.7204596208165638, 13.14793033521305;
 0, 0, 0, 1]
cam2hand
[0.008068290000000001, -0.008755290000000001, -0.999929, -43.9202;
 0.999952, 0.0055987, 0.008019449999999999, -23.9483;
 0.00552809, -0.999946, 0.00880004, 140.574;
 0, 0, 0, 1]
