cam2tb
[0.9981500587921432, -0.05937244341052601, 0.01307798301809292, 1.553492377501964;
 -0.0399738589145321, -0.4788540775199867, 0.8769838511759767, 1.359262378751199;
 -0.04580622363057495, -0.8758845179968765, -0.4803415955963369, -0.4879448988818214;
 0, 0, 0, 1]
t2tb
[1, 0, 0, 0.9999990000000001;
 0, 1, 0, 1.400003;
 0, 0, 1, 0;
 0, 0, 0, 1]
cam2t
[0.9981500587921432, -0.05937244341052601, 0.01307798301809292, 0.5534933775019636;
 -0.0399738589145321, -0.4788540775199867, 0.8769838511759767, -0.04074062124880089;
 -0.04580622363057495, -0.8758845179968765, -0.4803415955963369, -0.4879448988818214;
 0, 0, 0, 1]
base2t
[0, -1, 0, 0;
 -1, 0, 0, 0;
 0, 0, -1, 0;
 0, 0, 0, 1]
base2t_invert
[-0, -1, -0, -0;
 -1, -0, -0, -0;
 -0, -0, -1, -0;
 0, 0, 0, 1]
hand2base
[0.8730518133827793, 0.03561998036406104, -0.4863247352828198, 148.302882816335;
 0.004503872604795059, -0.9978749573907153, -0.06500218876344067, -568.0553576752346;
 -0.4876066511857695, 0.05455993412149709, -0.8713569689329725, 590.3258694615176;
 0, 0, 0, 1]
cam2hand
[0.008068290000000001, -0.008755290000000001, -0.999929, -43.9202;
 0.999952, 0.0055987, 0.008019449999999999, -23.9483;
 0.00552809, -0.999946, 0.00880004, 140.574;
 0, 0, 0, 1]
