cam2tb
[-0.02374780072213081, -0.9991097134686826, 0.03486868542580319, 0.9735827133398081;
 -0.07622156774185065, 0.03658650998396241, 0.9964193182817548, 1.388421615877355;
 -0.9968078922031108, 0.02100502797889842, -0.07702255679282437, -1.100600722125617;
 0, 0, 0, 1]
t2tb
[1, 0, 0, 0.4999990000000001;
 0, 1, 0, 1.400003;
 0, 0, 1, 0;
 0, 0, 0, 1]
cam2t
[-0.02374780072213081, -0.9991097134686826, 0.03486868542580319, 0.473583713339808;
 -0.07622156774185065, 0.03658650998396241, 0.9964193182817548, -0.01158138412264498;
 -0.9968078922031108, 0.02100502797889842, -0.07702255679282437, -1.100600722125617;
 0, 0, 0, 1]
base2t
[0, -1, 0, 0;
 -1, 0, 0, 0;
 0, 0, -1, 0;
 0, 0, 0, 1]
base2t_invert
[-0, -1, -0, -0;
 -1, -0, -0, -0;
 -0, -0, -1, -0;
 0, 0, 0, 1]
hand2base
[0.9972841172390484, 0.06802235667774266, 0.02823735991090741, 53.04188318091712;
 0.026310329125605, 0.02906075696331625, -0.9992313240616616, -331.266258547917;
 -0.06879066858255198, 0.9972604631673337, 0.02719214076236867, 1117.639606957878;
 0, 0, 0, 1]
cam2hand
[0.008068290000000001, -0.008755290000000001, -0.999929, -43.9202;
 0.999952, 0.0055987, 0.008019449999999999, -23.9483;
 0.00552809, -0.999946, 0.00880004, 140.574;
 0, 0, 0, 1]
