cam2tb
[0.9981491917492789, -0.05938766888488994, 0.01307502728303628, 1.078316113475745;
 -0.0399778174483762, -0.4788391538664208, 0.8769918192381058, 1.359257914693882;
 -0.04582165982259731, -0.8758916445369159, -0.4803271280849018, -0.4879451625637011;
 0, 0, 0, 1]
t2tb
[1, 0, 0, 0.4999990000000001;
 0, 1, 0, 1.400003;
 0, 0, 1, 0;
 0, 0, 0, 1]
cam2t
[0.9981491917492789, -0.05938766888488994, 0.01307502728303628, 0.5783171134757452;
 -0.0399778174483762, -0.4788391538664208, 0.8769918192381058, -0.04074508530611827;
 -0.04582165982259731, -0.8758916445369159, -0.4803271280849018, -0.4879451625637011;
 0, 0, 0, 1]
base2t
[0, -1, 0, 0;
 -1, 0, 0, 0;
 0, 0, -1, 0;
 0, 0, 0, 1]
base2t_invert
[-0, -1, -0, -0;
 -1, -0, -0, -0;
 -0, -0, -1, -0;
 0, 0, 0, 1]
hand2base
[0.8730599434805838, 0.03562379125665022, -0.4863098606713446, 148.3057042299394;
 0.004500790771018743, -0.9978739814429151, -0.06501738261188501, -592.8770697714302;
 -0.4875921225492835, 0.05457529345562282, -0.8713641370702132, 590.3281467276835;
 0, 0, 0, 1]
cam2hand
[0.008068290000000001, -0.008755290000000001, -0.999929, -43.9202;
 0.999952, 0.0055987, 0.008019449999999999, -23.9483;
 0.00552809, -0.999946, 0.00880004, 140.574;
 0, 0, 0, 1]
