cam2tb
[0.9981406585679514, -0.05952680322847985, 0.01309373744897734, 1.452742653373001;
 -0.05035502940518611, -0.6843435290313334, 0.7274188448781328, 1.526068027413309;
 -0.03434029868406941, -0.7267258750251104, -0.686068608434378, 0.0587932773800296;
 0, 0, 0, 1]
t2tb
[1, 0, 0, 0.9999990000000001;
 0, 1, 0, 1.400003;
 0, 0, 1, 0;
 0, 0, 0, 1]
cam2t
[0.9981406585679514, -0.05952680322847985, 0.01309373744897734, 0.4527436533730013;
 -0.05035502940518611, -0.6843435290313334, 0.7274188448781328, 0.1260650274133087;
 -0.03434029868406941, -0.7267258750251104, -0.686068608434378, 0.0587932773800296;
 0, 0, 0, 1]
base2t
[0, -1, 0, 0;
 -1, 0, 0, 0;
 0, 0, -1, 0;
 0, 0, 0, 1]
base2t_invert
[-0, -1, -0, -0;
 -1, -0, -0, -0;
 -0, -0, -1, -0;
 0, 0, 0, 1]
hand2base
[0.7217820288820395, 0.04835056004764444, -0.6904295229246832, 3.850137124399619;
 0.00451835030000809, -0.997864819742132, -0.06515662691982195, -467.2830449141584;
 -0.6921056908402741, 0.04390927993125801, -0.7204593589109836, 13.13870878525776;
 0, 0, 0, 1]
cam2hand
[0.008068290000000001, -0.008755290000000001, -0.999929, -43.9202;
 0.999952, 0.0055987, 0.008019449999999999, -23.9483;
 0.00552809, -0.999946, 0.00880004, 140.574;
 0, 0, 0, 1]
