cam2tb
[-0.0237472088033225, -0.9991100793468063, 0.03485860341188517, 1.473568996098486;
 -0.07618626200168822, 0.03657566550097155, 0.9964224165093031, 1.388429672538949;
 -0.9968106053523075, 0.02100651093003063, -0.07698703117563423, -1.100599369784892;
 0, 0, 0, 1]
t2tb
[1, 0, 0, 0.9999900000000002;
 0, 1, 0, 1.400002;
 0, 0, 1, 0;
 0, 0, 0, 1]
cam2t
[-0.0237472088033225, -0.9991100793468063, 0.03485860341188517, 0.473578996098486;
 -0.07618626200168822, 0.03657566550097155, 0.9964224165093031, -0.01157232746105144;
 -0.9968106053523075, 0.02100651093003063, -0.07698703117563423, -1.100599369784892;
 0, 0, 0, 1]
base2t
[0, -1, 0, 0;
 -1, 0, 0, 0;
 0, 0, -1, 0;
 0, 0, 0, 1]
base2t_invert
[-0, -1, -0, -0;
 -1, -0, -0, -0;
 -0, -0, -1, -0;
 0, 0, 0, 1]
hand2base
[0.9972868354439214, 0.06798708848913922, 0.02822629357565497, 53.03365692927589;
 0.02630023984592426, 0.02906024797343353, -0.9992316044700394, -331.2619572010914;
 -0.0687551106049286, 0.9972628829884789, 0.02719332600495072, 1117.639707666955;
 0, 0, 0, 1]
cam2hand
[0.008068290000000001, -0.008755290000000001, -0.999929, -43.9202;
 0.999952, 0.0055987, 0.008019449999999999, -23.9483;
 0.00552809, -0.999946, 0.00880004, 140.574;
 0, 0, 0, 1]
