cam2tb
[0.9838945921436721, -0.136950627944825, 0.1148722037106995, 1.663266205727862;
 -0.178732494046835, -0.7624038147356629, 0.6219284645900341, 2.020783162893312;
 0.002405516328618357, -0.6324436356251054, -0.774602555553901, 0.1152856766408329;
 0, 0, 0, 1]
t2tb
[1, 0, 0, 0.9999990000000001;
 0, 1, 0, 1.400003;
 0, 0, 1, 0;
 0, 0, 0, 1]
cam2t
[0.9838945921436721, -0.136950627944825, 0.1148722037106995, 0.6632672057278618;
 -0.178732494046835, -0.7624038147356629, 0.6219284645900341, 0.6207801628933122;
 0.002405516328618357, -0.6324436356251054, -0.774602555553901, 0.1152856766408329;
 0, 0, 0, 1]
base2t
[0, -1, 0, 0;
 -1, 0, 0, 0;
 0, 0, -1, 0;
 0, 0, 0, 1]
base2t_invert
[-0, -1, -0, -0;
 -1, -0, -0, -0;
 -0, -0, -1, -0;
 0, 0, 0, 1]
hand2base
[0.6166514589108563, 0.1780049179812819, -0.7668475907229478, -481.6349590920768;
 0.1057266884749477, -0.9840021674712548, -0.1433931719294683, -662.0314957811431;
 -0.7801043811998712, 0.007347352336032558, -0.6256062426530096, -61.42808853135425;
 0, 0, 0, 1]
cam2hand
[0.008068290000000001, -0.008755290000000001, -0.999929, -43.9202;
 0.999952, 0.0055987, 0.008019449999999999, -23.9483;
 0.00552809, -0.999946, 0.00880004, 140.574;
 0, 0, 0, 1]
