cam2tb
[0.9981420147885214, -0.05950109013325226, 0.01310721691075651, 3.952738663861513;
 -0.05034692088021156, -0.6843384166255251, 0.7274242157668078, 1.526071426104745;
 -0.03431275649616145, -0.7267327949556823, -0.6860626563982353, 0.0588049766323401;
 0, 0, 0, 1]
t2tb
[1, 0, 0, 3.500002;
 0, 1, 0, 1.400006;
 0, 0, 1, 0;
 0, 0, 0, 1]
cam2t
[0.9981420147885214, -0.05950109013325226, 0.01310721691075651, 0.452736663861513;
 -0.05034692088021156, -0.6843384166255251, 0.7274242157668078, 0.1260654261047453;
 -0.03431275649616145, -0.7267327949556823, -0.6860626563982353, 0.0588049766323401;
 0, 0, 0, 1]
base2t
[0, -1, 0, 0;
 -1, 0, 0, 0;
 0, 0, -1, 0;
 0, 0, 0, 1]
base2t_invert
[-0, -1, -0, -0;
 -1, -0, -0, -0;
 -0, -0, -1, -0;
 0, 0, 0, 1]
hand2base
[0.7217873787293536, 0.0483423802146799, -0.6904245028836882, 3.849071818990454;
 0.004532042991188783, -0.9978664279559408, -0.06513104133036135, -467.2790891995745;
 -0.6921000220295724, 0.0438817300665157, -0.7204664831017712, 13.127600211817;
 0, 0, 0, 1]
cam2hand
[0.008068290000000001, -0.008755290000000001, -0.999929, -43.9202;
 0.999952, 0.0055987, 0.008019449999999999, -23.9483;
 0.00552809, -0.999946, 0.00880004, 140.574;
 0, 0, 0, 1]
