cam2tb
[0.9981516532474788, -0.05934274591666602, 0.01309107207917392, 4.078330880511871;
 -0.03997120741615194, -0.4788570936146053, 0.8769823251644554, 1.359256378831811;
 -0.04577378161777703, -0.875884881626985, -0.4803440251572484, -0.4879261001447432;
 0, 0, 0, 1]
t2tb
[1, 0, 0, 3.500009;
 0, 1, 0, 1.400006;
 0, 0, 1, 0;
 0, 0, 0, 1]
cam2t
[0.9981516532474788, -0.05934274591666602, 0.01309107207917392, 0.5783218805118708;
 -0.03997120741615194, -0.4788570936146053, 0.8769823251644554, -0.04074962116818898;
 -0.04577378161777703, -0.875884881626985, -0.4803440251572484, -0.4879261001447432;
 0, 0, 0, 1]
base2t
[0, -1, 0, 0;
 -1, 0, 0, 0;
 0, 0, -1, 0;
 0, 0, 0, 1]
base2t_invert
[-0, -1, -0, -0;
 -1, -0, -0, -0;
 -0, -0, -1, -0;
 0, 0, 0, 1]
hand2base
[0.8730502396794051, 0.03561735811604293, -0.4863277524433157, 148.3121749542935;
 0.004517207885311722, -0.9978768230045884, -0.06497261687195909, -592.8874767143084;
 -0.4876093455099628, 0.05452751517447917, -0.871357490505615, 590.3062493300658;
 0, 0, 0, 1]
cam2hand
[0.008068290000000001, -0.008755290000000001, -0.999929, -43.9202;
 0.999952, 0.0055987, 0.008019449999999999, -23.9483;
 0.00552809, -0.999946, 0.00880004, 140.574;
 0, 0, 0, 1]
