cam2tb
[0.9905067376365964, 0.1341884504788949, 0.02982495176141583, 3.246709829939614;
 0.08414601773319166, -0.7634489721365072, 0.6403631877795554, 1.935679951832051;
 0.1086991710305308, -0.6317745880948822, -0.7674928125478042, 0.1054266802480327;
 0, 0, 0, 1]
t2tb
[1, 0, 0, 2.900002;
 0, 1, 0, 1.400015;
 0, 0, 1, 0;
 0, 0, 0, 1]
cam2t
[0.9905067376365964, 0.1341884504788949, 0.02982495176141583, 0.3467078299396136;
 0.08414601773319166, -0.7634489721365072, 0.6403631877795554, 0.5356649518320512;
 0.1086991710305308, -0.6317745880948822, -0.7674928125478042, 0.1054266802480327;
 0, 0, 0, 1]
base2t
[0, -1, 0, 0;
 -1, 0, 0, 0;
 0, 0, -1, 0;
 0, 0, 0, 1]
base2t_invert
[-0, -1, -0, -0;
 -1, -0, -0, -0;
 -0, -0, -1, -0;
 0, 0, 0, 1]
hand2base
[0.6329547474922425, -0.0850030501158627, -0.7695081345236265, -401.7282947738079;
 0.02300600624434791, -0.9914499915548255, 0.1284431310838443, -387.4967080858934;
 -0.7738468913833773, -0.09900199855021476, -0.6255873983540163, -53.84379711263154;
 0, 0, 0, 1]
cam2hand
[0.008068290000000001, -0.008755290000000001, -0.999929, -43.9202;
 0.999952, 0.0055987, 0.008019449999999999, -23.9483;
 0.00552809, -0.999946, 0.00880004, 140.574;
 0, 0, 0, 1]
