cam2tb
[-0.02373418789119285, -0.999109392194325, 0.03488715471355155, 3.373595763302435;
 -0.0762390774910764, 0.03660424922170737, 0.9964173272025271, 1.388399357588823;
 -0.9968068773714532, 0.02098939800650743, -0.07703994944098093, -1.100593419422434;
 0, 0, 0, 1]
t2tb
[1, 0, 0, 2.899998000000001;
 0, 1, 0, 1.400006;
 0, 0, 1, 0;
 0, 0, 0, 1]
cam2t
[-0.02373418789119285, -0.999109392194325, 0.03488715471355155, 0.4735977633024342;
 -0.0762390774910764, 0.03660424922170737, 0.9964173272025271, -0.01160664241117702;
 -0.9968068773714532, 0.02098939800650743, -0.07703994944098093, -1.100593419422434;
 0, 0, 0, 1]
base2t
[0, -1, 0, 0;
 -1, 0, 0, 0;
 0, 0, -1, 0;
 0, 0, 0, 1]
base2t_invert
[-0, -1, -0, -0;
 -1, -0, -0, -0;
 -0, -0, -1, -0;
 0, 0, 0, 1]
hand2base
[0.9972824228865387, 0.06803978224316086, 0.02825521250775329, 53.06497475486736;
 0.02632869008712264, 0.02904699486878663, -0.9992312405881778, -331.2798434064111;
 -0.06880820503291228, 0.9972596753711622, 0.02717665908004089, 1117.633691505921;
 0, 0, 0, 1]
cam2hand
[0.008068290000000001, -0.008755290000000001, -0.999929, -43.9202;
 0.999952, 0.0055987, 0.008019449999999999, -23.9483;
 0.00552809, -0.999946, 0.00880004, 140.574;
 0, 0, 0, 1]
