cam2tb
[0.9981516024000237, -0.05934612350412, 0.01307963276652228, 3.478320720907742;
 -0.03996255987667482, -0.4788528018305257, 0.876985062680286, 1.359257901404588;
 -0.04578244009377942, -0.8758869991413065, -0.4803393387654731, -0.4879290645487137;
 0, 0, 0, 1]
t2tb
[1, 0, 0, 2.899999;
 0, 1, 0, 1.400007;
 0, 0, 1, 0;
 0, 0, 0, 1]
cam2t
[0.9981516024000237, -0.05934612350412, 0.01307963276652228, 0.5783217209077416;
 -0.03996255987667482, -0.4788528018305257, 0.876985062680286, -0.04074909859541239;
 -0.04578244009377942, -0.8758869991413065, -0.4803393387654731, -0.4879290645487137;
 0, 0, 0, 1]
base2t
[0, -1, 0, 0;
 -1, 0, 0, 0;
 0, 0, -1, 0;
 0, 0, 0, 1]
base2t_invert
[-0, -1, -0, -0;
 -1, -0, -0, -0;
 -0, -0, -1, -0;
 0, 0, 0, 1]
hand2base
[0.8730529448065018, 0.03560866500689937, -0.4863235327856569, 148.3109698318986;
 0.004505740220577419, -0.997876661512385, -0.06497589332946499, -592.8873563201066;
 -0.4876046081301531, 0.05453614751083691, -0.8713596012811909, 590.3099252506516;
 0, 0, 0, 1]
cam2hand
[0.008068290000000001, -0.008755290000000001, -0.999929, -43.9202;
 0.999952, 0.0055987, 0.008019449999999999, -23.9483;
 0.00552809, -0.999946, 0.00880004, 140.574;
 0, 0, 0, 1]
