cam2tb
[0.9981418694090324, -0.05950395432626528, 0.01310528521602035, 3.352738215550714;
 -0.05034751153430456, -0.6843390071449871, 0.727423619342895, 1.52605881076541;
 -0.03431611868375442, -0.7267320043730185, -0.6860633256812331, 0.05880443563840138;
 0, 0, 0, 1]
t2tb
[1, 0, 0, 2.9;
 0, 1, 0, 1.399996;
 0, 0, 1, 0;
 0, 0, 0, 1]
cam2t
[0.9981418694090324, -0.05950395432626528, 0.01310528521602035, 0.4527382155507138;
 -0.05034751153430456, -0.6843390071449871, 0.727423619342895, 0.1260628107654099;
 -0.03431611868375442, -0.7267320043730185, -0.6860633256812331, 0.05880443563840138;
 0, 0, 0, 1]
base2t
[0, -1, 0, 0;
 -1, 0, 0, 0;
 0, 0, -1, 0;
 0, 0, 0, 1]
base2t_invert
[-0, -1, -0, -0;
 -1, -0, -0, -0;
 -0, -0, -1, -0;
 0, 0, 0, 1]
hand2base
[0.7217867819430417, 0.04834297892975994, -0.6904250848575134, 3.85175709594858;
 0.004530087529263499, -0.9978662510564796, -0.06513388756602785, -467.2803224298801;
 -0.6921006572163366, 0.04388509303491943, -0.720465668085601, 13.12807927551912;
 0, 0, 0, 1]
cam2hand
[0.008068290000000001, -0.008755290000000001, -0.999929, -43.9202;
 0.999952, 0.0055987, 0.008019449999999999, -23.9483;
 0.00552809, -0.999946, 0.00880004, 140.574;
 0, 0, 0, 1]
