cam2tb
[0.9838924525683156, -0.1369502037871593, 0.1148910335551017, 4.163267964176959;
 -0.1787441152918095, -0.7623914909558279, 0.6219402318396456, 2.020783574898418;
 0.00241710864987407, -0.6324585833566332, -0.7745903147801374, 0.1153001204368623;
 0, 0, 0, 1]
t2tb
[1, 0, 0, 3.5;
 0, 1, 0, 1.400007;
 0, 0, 1, 0;
 0, 0, 0, 1]
cam2t
[0.9838924525683156, -0.1369502037871593, 0.1148910335551017, 0.6632679641769584;
 -0.1787441152918095, -0.7623914909558279, 0.6219402318396456, 0.620776574898418;
 0.00241710864987407, -0.6324585833566332, -0.7745903147801374, 0.1153001204368623;
 0, 0, 0, 1]
base2t
[0, -1, 0, 0;
 -1, 0, 0, 0;
 0, 0, -1, 0;
 0, 0, 0, 1]
base2t_invert
[-0, -1, -0, -0;
 -1, -0, -0, -0;
 -0, -0, -1, -0;
 0, 0, 0, 1]
hand2base
[0.6166634269896405, 0.1780163753082965, -0.7668353069176511, -481.6322978569099;
 0.105745537963332, -0.9840001813777208, -0.1433929016704039, -662.031416784774;
 -0.7800923656941131, 0.007335746090776002, -0.6256213613800713, -61.44015725387302;
 0, 0, 0, 1]
cam2hand
[0.008068290000000001, -0.008755290000000001, -0.999929, -43.9202;
 0.999952, 0.0055987, 0.008019449999999999, -23.9483;
 0.00552809, -0.999946, 0.00880004, 140.574;
 0, 0, 0, 1]
